18935802 3834882442 1
18935802 1590686978 1
18935802 1144953769 1
18935802 451003130 1
18935802 606442985 1
18935802 791407162790649856 1
18935802 123983186 1
18935802 560370584 1
18935802 15073292 1
18935802 17054528 1
18935802 15191260 1
18935802 396218442 1
18935802 735827949107171328 1
18935802 418980091 1
18935802 771819032723021824 1
18935802 21366468 1
18935802 472287812 1
18935802 96340114 1
18935802 2941003353 1
18935802 310379722 1
18935802 551331260 1
18935802 2328728342 1
18935802 3510030675 1
18935802 358832710 1
18935802 789773751135117312 1
18935802 1073290280 1
18935802 3939678677 1
18935802 2865406271 1
18935802 245402466 1
18935802 1225968722 1
18935802 3030819371 1
632742781 560370584 1
632742781 2452701214 1
632742781 1117558933 1
632742781 3263800121 1
632742781 506387757 1
632742781 418851266 1
632742781 1010807990 1
332885533 1317136464 1
332885533 138172178 1
332885533 2272916900 1
332885533 472287812 1
332885533 1327684639 1
2182403667 2260822969 1
2920005634 332885533 1
2920005634 1144953769 1
2920005634 123983186 1
2920005634 15073292 1
2920005634 573991398 1
2920005634 3094278383 1
2920005634 771424564341534720 1
2920005634 3483226768 1
2920005634 772845205926060033 1
2920005634 431901295 1
2920005634 467401158 1
2920005634 4460729657 1
2920005634 777506688316411904 1
528520612 2207172466 1
528520612 68411946 1
589445056 1144953769 1
589445056 4337728043 1
589445056 741394259996246016 1
589445056 2938602394 1
589445056 450546622 1
589445056 560370584 1
589445056 15073292 1
589445056 320253490 1
589445056 789281882 1
589445056 2335372808 1
589445056 566150054 1
589445056 3400640069 1
589445056 129847828 1
589445056 1145911274 1
589445056 2226475117 1
589445056 804449929 1
589445056 695981551973179392 1
589445056 2216174384 1
1317136464 4337728043 1
1317136464 68411946 1
1130420497 815758254 1
1130420497 129847828 1
1130420497 467401158 1
2940585718 804449929 1
3898463973 332885533 1
3898463973 472287812 1
2207172466 528520612 1
1590686978 2940585718 1
1590686978 396218442 1
1590686978 506387757 1
1590686978 1327684639 1
2870684236 2506750205 1
2870684236 313859765 1
3373799507 2182403667 1
3373799507 2207172466 1
3373799507 4337728043 1
3373799507 363083810 1
3373799507 291842433 1
451003130 250639937 1
451003130 363083810 1
4337728043 3373799507 1
4337728043 771424564341534720 1
1726225616 1590826574 1
1726225616 1117558933 1
1726225616 771424564341534720 1
1726225616 772845205926060033 1
1726225616 1628612210 1
741394259996246016 589445056 1
2938602394 2277640531 1
2938602394 570759659 1
815635152 2719734141 1
815635152 2978470539 1
815635152 345998523 1
450546622 2207172466 1
450546622 3400640069 1
450546622 139765259 1
791407162790649856 2182403667 1
791407162790649856 2920005634 1
2277640531 2938602394 1
926301210 1117558933 1
926301210 431901295 1
2452701214 3263800121 1
138172178 332885533 1
3587562502 3373799507 1
3587562502 4337728043 1
3587562502 741394259996246016 1
3587562502 363083810 1
589253599 3024022989 1
2798863589 4200887327 1
2798863589 589253599 1
2798863589 363083810 1
2260822969 4200887327 1
2260822969 589445056 1
1117558933 2798863589 1
1117558933 3094278383 1
396218442 1117558933 1
396218442 2335372808 1
68411946 926301210 1
68411946 2578399166 1
2978470539 815635152 1
250639937 424534700 1
363083810 632742781 1
363083810 3587562502 1
363083810 424534700 1
363083810 783276237351489536 1
566150054 332885533 1
771424564341534720 363083810 1
506387757 4003940735 1
772845205926060033 2870684236 1
772845205926060033 363083810 1
129847828 1130420497 1
771819032723021824 589445056 1
2506750205 2920005634 1
424534700 363083810 1
4460729657 632742781 1
783276237351489536 2318181395 1
1010807990 1317136464 1
1010807990 1590686978 1
1010807990 138172178 1
4003940735 3898463973 1
313859765 2207172466 1
313859765 2870684236 1
313859765 216867936 1
2318181395 783276237351489536 1
695981551973179392 1726225616 1
2216174384 2936002895 1
1327684639 332885533 1
1327684639 1590686978 1
789773751135117312 2920005634 1
291842433 815635152 1
